0 214565781
1 214086273
2 213607773
3 213130278
4 212653784
5 212178293
6 211703803
7 211230314
8 210757829
9 210286348
10 209815869
11 209346391
12 208877917
13 208410445
14 207943975
15 207478509
16 207014045
17 206550581
18 206088118
19 205626655
20 205166192
21 204706731
22 204248271
23 203790811
24 203334354
25 202878898
26 202424445
27 201970996
28 201518548
29 201067104
30 200616663
31 200167223
32 199718786
33 199271355
34 198824927
35 198379499
36 197935075
37 197491653
38 197049233
39 196607814
40 196167398
41 195727984
42 195289571
43 194852161
44 194415751
45 193980345
46 193545940
47 193112537
48 192680136
49 192248736
50 191818336
51 191388937
52 190960538
53 190533141
54 190106744
55 189681348
56 189256954
57 188833563
58 188411176
59 187989789
60 187569407
61 187150027
62 186731648
63 186314271
64 185897897
65 185482528
66 185068164
67 184654803
68 184242448
69 183831093
70 183420740
71 183011387
72 182603036
73 182195686
74 181789340
75 181383995
76 180979650
77 180576309
78 180173969
79 179772631
80 179372293
81 178972957
82 178574624
83 178177291
84 177780958
85 177385627
86 176991296
87 176597968
88 176205642
89 175814319
90 175423999
91 175034682
92 174646368
93 174259055
94 173872744
95 173487434
96 173103126
97 172719820
98 172337518
99 171956217
100 171575920
101 171196626
102 170818336
103 170441048
104 170064763
105 169689481
106 169315203
107 168941926
108 168569652
109 168198380
110 167828112
111 167458851
112 167090595
113 166723343
114 166357092
115 165991843
116 165627598
117 165264356
118 164902117
119 164540878
120 164180640
121 163821402
122 163463165
123 163105929
124 162749695
125 162394462
126 162040231
127 161687001
128 161334772
129 160983546
130 160633323
131 160284100
132 159935877
133 159588656
134 159242435
135 158897216
136 158552999
137 158209782
138 157867567
139 157526352
140 157186139
141 156846927
142 156508715
143 156171504
144 155835294
145 155500084
146 155165877
147 154832674
148 154500471
149 154169270
150 153839071
151 153509876
152 153181682
153 152854488
154 152528296
155 152203105
156 151878915
157 151555728
158 151233542
159 150912356
160 150592170
161 150272985
162 149954801
163 149637618
164 149321437
165 149006257
166 148692079
167 148378902
168 148066725
169 147755549
170 147445373
171 147136198
172 146828024
173 146520850
174 146214677
175 145909505
176 145605334
177 145302164
178 144999996
179 144698828
180 144398660
181 144099492
182 143801325
183 143504161
184 143207999
185 142912838
186 142618678
187 142325518
188 142033361
189 141742205
190 141452050
191 141162896
192 140874743
193 140587590
194 140301439
195 140016288
196 139732138
197 139448989
198 139166844
199 138885699
200 138605556
201 138326417
202 138048278
203 137771141
204 137495006
205 137219871
206 136945737
207 136672604
208 136400473
209 136129345
210 135859217
211 135590089
212 135321961
213 135054835
214 134788710
215 134523587
216 134259465
217 133996343
218 133734222
219 133473102
220 133212982
221 132953863
222 132695744
223 132438625
224 132182506
225 131927388
226 131673270
227 131420152
228 131168034
229 130916916
230 130666798
231 130417680
232 130169564
233 129922449
234 129676334
235 129431219
236 129187105
237 128943992
238 128701880
239 128460772
240 128220665
241 127981561
242 127743457
243 127506353
244 127270251
245 127035153
246 126801055
247 126567958
248 126335861
249 126104764
250 125874667
251 125645573
252 125417479
253 125190385
254 124964292
255 124739201
256 124515111
257 124292023
258 124069936
259 123848852
260 123628768
261 123409685
262 123191602
263 122974521
264 122758440
265 122543362
266 122329287
267 122116212
268 121904139
269 121693066
270 121482994
271 121273923
272 121065854
273 120858786
274 120652719
275 120447652
276 120243585
277 120040519
278 119838454
279 119637391
280 119437329
281 119238267
282 119040205
283 118843144
284 118647084
285 118452024
286 118257964
287 118064907
288 117872851
289 117681796
290 117491741
291 117302686
292 117114631
293 116927577
294 116741523
295 116556471
296 116372421
297 116189372
298 116007324
299 115826276
300 115646231
301 115467188
302 115289146
303 115112104
304 114936063
305 114761023
306 114586984
307 114413947
308 114241910
309 114070873
310 113900837
311 113731802
312 113563767
313 113396733
314 113230701
315 113065670
316 112901640
317 112738610
318 112576581
319 112415553
320 112255525
321 112096498
322 111938472
323 111781448
324 111625425
325 111470402
326 111316379
327 111163357
328 111011336
329 110860317
330 110710298
331 110561280
332 110413264
333 110266250
334 110120240
335 109975232
336 109831225
337 109688218
338 109546212
339 109405207
340 109265202
341 109126198
342 108988196
343 108851194
344 108715192
345 108580190
346 108446189
347 108313190
348 108181191
349 108050192
350 107920194
351 107791197
352 107663201
353 107536205
354 107410210
355 107285215
356 107161221
357 107038227
358 106916235
359 106795243
360 106675253
361 106556263
362 106438274
363 106321286
364 106205298
365 106090310
366 105976323
367 105863336
368 105751351
369 105640366
370 105530382
371 105421399
372 105313416
373 105206433
374 105100451
375 104995469
376 104891489
377 104788509
378 104686529
379 104585550
380 104485571
381 104386593
382 104288615
383 104191637
384 104095660
385 104000683
386 103906706
387 103813729
388 103721752
389 103630775
390 103540799
391 103451823
392 103363847
393 103276871
394 103190896
395 103105921
396 103021946
397 102938971
398 102856996
399 102776024
400 102696052
401 102617080
402 102539108
403 102462136
404 102386164
405 102311193
406 102237222
407 102164251
408 102092280
409 102021311
410 101951344
411 101882377
412 101814410
413 101747445
414 101681480
415 101616516
416 101552554
417 101489593
418 101427633
419 101366673
420 101306713
421 101247753
422 101189794
423 101132836
424 101076879
425 101021922
426 100967966
427 100915012
428 100863060
429 100812108
430 100762157
431 100713207
432 100665258
433 100618310
434 100572362
435 100527414
436 100483468
437 100440522
438 100398576
439 100357631
440 100317687
441 100278743
442 100240800
443 100203857
444 100167916
445 100132976
446 100099037
447 100066100
448 100034163
449 100003229
450 99973295
451 99944362
452 99916429
453 99889497
454 99863567
455 99838637
456 99814709
457 99791782
458 99769857
459 99748934
460 99729011
461 99710088
462 99692165
463 99675243
464 99659322
465 99644401
466 99630480
467 99617559
468 99605640
469 99594721
470 99584802
471 99575883
472 99567965
473 99561049
474 99555133
475 99550217
476 99546301
477 99543385
478 99541469
479 99540554
480 99540639
481 99541724
482 99543809
483 99546894
484 99550980
485 99556069
486 99562158
487 99569247
488 99577336
489 99586425
490 99596516
491 99607608
492 99619702
493 99632797
494 99646892
495 99661988
496 99678084
497 99695181
498 99713279
499 99732377
500 99752476
501 99773575
502 99795675
503 99818775
504 99842877
505 99867979
506 99894081
507 99921183
508 99949285
509 99978389
510 100008494
511 100039600
512 100071706
513 100104814
514 100138922
515 100174032
516 100210144
517 100247257
518 100285370
519 100324483
520 100364596
521 100405709
522 100447823
523 100490937
524 100535051
525 100580165
526 100626280
527 100673396
528 100721512
529 100770628
530 100820745
531 100871865
532 100923985
533 100977106
534 101031227
535 101086348
536 101142469
537 101199592
538 101257715
539 101316839
540 101376964
541 101438089
542 101500215
543 101563342
544 101627469
545 101692596
546 101758723
547 101825850
548 101893978
549 101963107
550 102033236
551 102104365
552 102176494
553 102249623
554 102323752
555 102398881
556 102475011
557 102552142
558 102630274
559 102709407
560 102789540
561 102870673
562 102952808
563 103035945
564 103120082
565 103205220
566 103291358
567 103378496
568 103466634
569 103555772
570 103645911
571 103737050
572 103829189
573 103922328
574 104016468
575 104111609
576 104207750
577 104304892
578 104403035
579 104502178
580 104602321
581 104703464
582 104805607
583 104908750
584 105012893
585 105118036
586 105224183
587 105331332
588 105439483
589 105548634
590 105658785
591 105769938
592 105882092
593 105995246
594 106109401
595 106224557
596 106340713
597 106457869
598 106576026
599 106695183
600 106815340
601 106936498
602 107058657
603 107181816
604 107305975
605 107431135
606 107557295
607 107684456
608 107812617
609 107941778
610 108071940
611 108203103
612 108335266
613 108468431
614 108602596
615 108737762
616 108873928
617 109011097
618 109149267
619 109288437
620 109428608
621 109569780
622 109711953
623 109855127
624 109999301
625 110144476
626 110290652
627 110437828
628 110586005
629 110735183
630 110885361
631 111036539
632 111188717
633 111341895
634 111496073
635 111651251
636 111807429
637 111964609
638 112122790
639 112281971
640 112442153
641 112603336
642 112765520
643 112928704
644 113092888
645 113258072
646 113424259
647 113591448
648 113759638
649 113928829
650 114099020
651 114270211
652 114442402
653 114615593
654 114789785
655 114964978
656 115141171
657 115318365
658 115496559
659 115675754
660 115855951
661 116037148
662 116219345
663 116402542
664 116586739
665 116771936
666 116958133
667 117145331
668 117333531
669 117522731
670 117712931
671 117904132
672 118096333
673 118289534
674 118483735
675 118678937
676 118875139
677 119072343
678 119270547
679 119469751
680 119669955
681 119871159
682 120073364
683 120276570
684 120480776
685 120685983
686 120892190
687 121099397
688 121307605
689 121516813
690 121727022
691 121938231
692 122150441
693 122363651
694 122577861
695 122793072
696 123009284
697 123226496
698 123444711
699 123663926
700 123884144
701 124105364
702 124327585
703 124550807
704 124775029
705 125000252
706 125226476
707 125453701
708 125681926
709 125911152
710 126141378
711 126372604
712 126604830
713 126838056
714 127072282
715 127307508
716 127543735
717 127780963
718 128019191
719 128258420
720 128498649
721 128739878
722 128982107
723 129225336
724 129469566
725 129714797
726 129961028
727 130208259
728 130456490
729 130705722
730 130955954
731 131207186
732 131459418
733 131712650
734 131966882
735 132222114
736 132478347
737 132735580
738 132993814
739 133253048
740 133513282
741 133774517
742 134036754
743 134299991
744 134564228
745 134829465
746 135095702
747 135362939
748 135631176
749 135900413
750 136170650
751 136441888
752 136714127
753 136987367
754 137261610
755 137536853
756 137813096
757 138090339
758 138368582
759 138647825
760 138928068
761 139209311
762 139491554
763 139774798
764 140059042
765 140344286
766 140630530
767 140917774
768 141206018
769 141495262
770 141785506
771 142076751
772 142368996
773 142662241
774 142956487
775 143251733
776 143547979
777 143845226
778 144143473
779 144442721
780 144742969
781 145044217
782 145346465
783 145649713
784 145953961
785 146259209
786 146565457
787 146872705
788 147180955
789 147490205
790 147800455
791 148111706
792 148423957
793 148737208
794 149051459
795 149366711
796 149682965
797 150000220
798 150318475
799 150637730
800 150957985
801 151279240
802 151601496
803 151924753
804 152249010
805 152574268
806 152900527
807 153227787
808 153556047
809 153885307
810 154215567
811 154546827
812 154879087
813 155212348
814 155546609
815 155881870
816 156218131
817 156555393
818 156893655
819 157232918
820 157573182
821 157914447
822 158256712
823 158599977
824 158944242
825 159289507
826 159635773
827 159983039
828 160331306
829 160680573
830 161030842
831 161382111
832 161734380
833 162087649
834 162441918
835 162797187
836 163153456
837 163510725
838 163868995
839 164228267
840 164588541
841 164949815
842 165312089
843 165675363
844 166039637
845 166404911
846 166771186
847 167138461
848 167506736
849 167876011
850 168246287
851 168617564
852 168989842
853 169363121
854 169737400
855 170112680
856 170488960
857 170866240
858 171244521
859 171623803
860 172004085
861 172385367
862 172767649
863 173150932
864 173535216
865 173920501
866 174306786
867 174694071
868 175082356
869 175471641
870 175861926
871 176253211
872 176645496
873 177038782
874 177433068
875 177828354
876 178224640
877 178621926
878 179020212
879 179419499
880 179819787
881 180221076
882 180623365
883 181026654
884 181430943
885 181836232
886 182242522
887 182649812
888 183058102
889 183467392
890 183877683
891 184288974
892 184701265
893 185114556
894 185528847
895 185944138
896 186360429
897 186777722
898 187196015
899 187615308
900 188035601
901 188456894
902 188879188
903 189302485
904 189726782
905 190152080
906 190578378
907 191005678
908 191433978
909 191863279
910 192293580
911 192724881
912 193157182
913 193590483
914 194024785
915 194460089
916 194896393
917 195333697
918 195772001
919 196211305
920 196651609
921 197092913
922 197535217
923 197978521
924 198422825
925 198868130
926 199314435
927 199761740
928 200210046
929 200659352
930 201109658
931 201560965
932 202013272
933 202466579
934 202920887
935 203376196
936 203832506
937 204289816
938 204748126
939 205207436
940 205667746
941 206129056
942 206591367
943 207054678
944 207518989
945 207984300
946 208450611
947 208917923
948 209386235
949 209855547
950 210325859
951 210797171
952 211269483
953 211742795
954 212217107
955 212692421
956 213168735
957 213646050
958 214124365
959 214603680
960 215083995
961 215565311
962 216047627
963 216530943
964 217015260
965 217500577
966 217986894
967 218474212
968 218962531
969 219451850
970 219942169
971 220433488
972 220925808
973 221419128
974 221913448
975 222408768
976 222905089
977 223402411
978 223900733
979 224400055
980 224900377
981 225401699
982 225904021
983 226407343
984 226911665
985 227416988
986 227923311
987 228430634
988 228938957
989 229448280
990 229958603
991 230469926
992 230982250
993 231495574
994 232009898
995 232525222
996 233041546
997 233558870
998 234077195
999 234596520
1000 235116845
1001 235638170
1002 236160496
1003 236683822
1004 237208148
1005 237733474
1006 238259801
1007 238787129
1008 239315457
1009 239844786
1010 240375115
1011 240906445
1012 241438775
1013 241972106
1014 242506438
1015 243041771
1016 243578104
1017 244115437
1018 244653770
1019 245193104
1020 245733441
1021 246274782
1022 246817123
1023 247360464
1024 247904805
1025 248450146
1026 248996487
1027 249543829
1028 250092171
1029 250641513
1030 251191855
1031 251743197
1032 252295540
1033 252848884
1034 253403229
1035 253958575
1036 254514921
1037 255072268
1038 255630616
1039 256189966
1040 256750316
1041 257311667
1042 257874019
1043 258437371
1044 259001724
1045 259567077
1046 260133430
1047 260700783
1048 261269136
1049 261838489
1050 262408843
1051 262980197
1052 263552551
1053 264125906
1054 264700261
1055 265275616
1056 265851971
1057 266429327
1058 267007683
1059 267587039
1060 268167396
1061 268748753
1062 269331111
1063 269914469
1064 270498827
1065 271084185
1066 271670543
1067 272257901
1068 272846261
1069 273435622
1070 274025983
1071 274617344
1072 275209705
1073 275803066
1074 276397427
1075 276992788
1076 277589151
1077 278186514
1078 278784878
1079 279384242
1080 279984606
1081 280585970
1082 281188334
1083 281791698
1084 282396063
1085 283001428
1086 283607793
1087 284215159
1088 284823525
1089 285432892
1090 286043259
1091 286654626
1092 287266993
1093 287880360
1094 288494728
1095 289110096
1096 289726464
1097 290343832
1098 290962200
1099 291581569
1100 292201938
1101 292823307
1102 293445678
1103 294069050
1104 294693422
1105 295318794
1106 295945166
1107 296572540
1108 297200914
1109 297830288
1110 298460662
1111 299092036
1112 299724410
1113 300357784
1114 300992159
1115 301627534
1116 302263909
1117 302901284
1118 303539659
1119 304179034
1120 304819409
1121 305460784
1122 306103159
1123 306746534
1124 307390909
1125 308036285
1126 308682661
1127 309330037
1128 309978413
1129 310627789
1130 311278165
1131 311929541
1132 312581917
1133 313235294
1134 313889671
1135 314545048
1136 315201425
1137 315858802
1138 316517179
1139 317176556
1140 317836933
1141 318498310
1142 319160687
1143 319824064
1144 320488441
1145 321153819
1146 321820198
1147 322487577
1148 323155957
1149 323825337
1150 324495717
1151 325167097
1152 325839477
1153 326512857
1154 327187237
1155 327862617
1156 328538998
1157 329216379
1158 329894760
1159 330574141
1160 331254523
1161 331935905
1162 332618288
1163 333301671
1164 333986054
1165 334671437
1166 335357820
1167 336045203
1168 336733586
1169 337422970
1170 338113354
1171 338804738
1172 339497122
1173 340190506
1174 340884890
1175 341580274
1176 342276658
1177 342974042
1178 343672426
1179 344371810
1180 345072194
1181 345773579
1182 346475965
1183 347179352
1184 347883740
1185 348589128
1186 349295516
1187 350002904
1188 350711292
1189 351420680
1190 352131068
1191 352842456
1192 353554844
1193 354268232
1194 354982620
1195 355698008
1196 356414396
1197 357131784
1198 357850172
1199 358569561
1200 359289951
1201 360011342
1202 360733733
1203 361457124
1204 362181516
1205 362906908
1206 363633300
1207 364360692
1208 365089084
1209 365818476
1210 366548869
1211 367280262
1212 368012655
1213 368746048
1214 369480441
1215 370215834
1216 370952227
1217 371689620
1218 372428014
1219 373167408
1220 373907802
1221 374649196
1222 375391590
1223 376134984
1224 376879378
1225 377624773
1226 378371168
1227 379118563
1228 379866958
1229 380616354
1230 381366751
1231 382118149
1232 382870547
1233 383623945
1234 384378343
1235 385133741
1236 385890139
1237 386647537
1238 387405936
1239 388165336
1240 388925736
1241 389687136
1242 390449536
1243 391212936
1244 391977337
1245 392742738
1246 393509141
1247 394276544
1248 395044947
1249 395814350
1250 396584753
1251 397356156
1252 398128559
1253 398901962
1254 399676365
1255 400451768
1256 401228171
1257 402005574
1258 402783978
1259 403563382
1260 404343786
1261 405125190
1262 405907595
1263 406691000
1264 407475405
1265 408260810
1266 409047217
1267 409834624
1268 410623032
1269 411412440
1270 412202848
1271 412994257
1272 413786666
1273 414580075
1274 415374485
1275 416169895
1276 416966305
1277 417763715
1278 418562125
1279 419361535
1280 420161945
1281 420963355
1282 421765765
1283 422569175
1284 423373586
1285 424178998
1286 424985410
1287 425792822
1288 426601234
1289 427410646
1290 428221058
1291 429032470
1292 429844882
1293 430658294
1294 431472706
1295 432288118
1296 433104530
1297 433921942
1298 434740354
1299 435559766
1300 436380178
1301 437201590
1302 438024002
1303 438847414
1304 439671826
1305 440497238
1306 441323651
1307 442151064
1308 442979477
1309 443808890
1310 444639303
1311 445470716
1312 446303129
1313 447136542
1314 447970955
1315 448806368
1316 449642781
1317 450480194
1318 451318607
1319 452158020
1320 452998433
1321 453839846
1322 454682259
1323 455525673
1324 456370088
1325 457215503
1326 458061918
1327 458909333
1328 459757749
1329 460607165
1330 461457582
1331 462308999
1332 463161416
1333 464014834
1334 464869252
1335 465724671
1336 466581090
1337 467438510
1338 468296930
1339 469156351
1340 470016772
1341 470878193
1342 471740614
1343 472604035
1344 473468456
1345 474333877
1346 475200299
1347 476067721
1348 476936143
1349 477805565
1350 478675987
1351 479547409
1352 480419831
1353 481293253
1354 482167676
1355 483043099
1356 483919522
1357 484796945
1358 485675368
1359 486554792
1360 487435217
1361 488316642
1362 489199067
1363 490082492
1364 490966917
1365 491852342
1366 492738767
1367 493626192
1368 494514617
1369 495404042
1370 496294467
1371 497185892
1372 498078317
1373 498971742
1374 499866167
1375 500761593
1376 501658019
1377 502555446
1378 503453873
1379 504353300
1380 505253727
1381 506155154
1382 507057582
1383 507961010
1384 508865438
1385 509770866
1386 510677294
1387 511584722
1388 512493151
1389 513402580
1390 514313009
1391 515224438
1392 516136867
1393 517050297
1394 517964727
1395 518880157
1396 519796587
1397 520714017
1398 521632449
1399 522551881
1400 523472313
1401 524393745
1402 525316177
1403 526239609
1404 527164041
1405 528089473
1406 529015905
1407 529943337
1408 530871769
1409 531801201
1410 532731633
1411 533663066
1412 534595499
1413 535528932
1414 536463366
1415 537398800
1416 538335234
1417 539272668
1418 540211102
1419 541150536
1420 542090970
1421 543032404
1422 543974839
1423 544918274
1424 545862709
1425 546808144
1426 547754579
1427 548702014
1428 549650449
1429 550599884
1430 551550319
1431 552501754
1432 553454189
1433 554407624
1434 555362059
1435 556317494
1436 557273930
1437 558231366
1438 559189802
1439 560149239
1440 561109676
1441 562071114
1442 563033552
1443 563996990
1444 564961428
1445 565926867
1446 566893306
1447 567860745
1448 568829184
1449 569798623
1450 570769062
1451 571740501
1452 572712941
1453 573686381
1454 574660822
1455 575636264
1456 576612706
1457 577590148
1458 578568590
1459 579548032
1460 580528475
1461 581509918
1462 582492361
1463 583475804
1464 584460248
1465 585445692
1466 586432136
1467 587419580
1468 588408025
1469 589397470
1470 590387915
1471 591379360
1472 592371805
1473 593365250
1474 594359695
1475 595355140
1476 596351585
1477 597349030
1478 598347475
1479 599346920
1480 600347365
1481 601348810
1482 602351255
1483 603354700
1484 604359145
1485 605364591
1486 606371037
1487 607378483
1488 608386929
1489 609396375
1490 610406821
1491 611418267
1492 612430713
1493 613444159
1494 614458605
1495 615474052
1496 616490499
1497 617507946
1498 618526394
1499 619545842
1500 620566291
1501 621587740
1502 622610189
1503 623633639
1504 624658089
1505 625683540
1506 626709991
1507 627737442
1508 628765893
1509 629795344
1510 630825795
1511 631857246
1512 632889697
1513 633923148
1514 634957599
1515 635993050
1516 637029502
1517 638066954
1518 639105406
1519 640144858
1520 641185310
1521 642226762
1522 643269214
1523 644312666
1524 645357118
1525 646402570
1526 647449022
1527 648496474
1528 649544926
1529 650594378
1530 651644830
1531 652696283
1532 653748736
1533 654802189
1534 655856642
1535 656912095
1536 657968548
1537 659026001
1538 660084455
1539 661143910
1540 662204365
1541 663265821
1542 664328278
1543 665391736
1544 666456194
1545 667521652
1546 668588110
1547 669655568
1548 670724026
1549 671793484
1550 672863942
1551 673935400
1552 675007858
1553 676081316
1554 677155774
1555 678231232
1556 679307690
1557 680385148
1558 681463606
1559 682543064
1560 683623522
1561 684704980
1562 685787438
1563 686870897
1564 687955356
1565 689040815
1566 690127274
1567 691214734
1568 692303194
1569 693392654
1570 694483114
1571 695574574
1572 696667034
1573 697760494
1574 698854954
1575 699950414
1576 701046874
1577 702144334
1578 703242795
1579 704342256
1580 705442717
1581 706544178
1582 707646639
1583 708750100
1584 709854561
1585 710960022
1586 712066483
1587 713173944
1588 714282405
1589 715391866
1590 716502327
1591 717613788
1592 718726249
1593 719839710
1594 720954171
1595 722069634
1596 723186097
1597 724303560
1598 725422023
1599 726541486
1600 727661949
1601 728783412
1602 729905875
1603 731029338
1604 732153801
1605 733279264
1606 734405727
1607 735533190
1608 736661653
1609 737791116
1610 738921579
1611 740053042
1612 741185505
1613 742318968
1614 743453431
1615 744588894
1616 745725357
1617 746862820
1618 748001283
1619 749140746
1620 750281209
1621 751422672
1622 752565135
1623 753708598
1624 754853061
1625 755998525
1626 757144989
1627 758292453
1628 759440917
1629 760590381
1630 761740845
1631 762892309
1632 764044773
1633 765198237
1634 766352701
1635 767508165
1636 768664629
1637 769822093
1638 770980557
1639 772140021
1640 773300485
1641 774461949
1642 775624413
1643 776787877
1644 777952341
1645 779117806
1646 780284271
1647 781451736
1648 782620201
1649 783789666
1650 784960132
1651 786131600
1652 787304068
1653 788477536
1654 789652004
1655 790827473
1656 792003942
1657 793181411
1658 794359880
1659 795539349
1660 796719818
1661 797901287
1662 799083756
1663 800267225
1664 801451694
1665 802637163
1666 803823632
1667 805011101
1668 806199570
1669 807389039
1670 808579508
1671 809770977
1672 810963446
1673 812156915
1674 813351384
1675 814546853
1676 815743322
1677 816940791
1678 818139260
1679 819338729
1680 820539198
1681 821740667
1682 822943136
1683 824146606
1684 825351076
1685 826556546
1686 827763016
1687 828970486
1688 830178956
1689 831388426
1690 832598896
1691 833810366
1692 835022836
1693 836236306
1694 837450776
1695 838666246
1696 839882716
1697 841100186
1698 842318656
1699 843538127
1700 844758598
1701 845980069
1702 847202540
1703 848426011
1704 849650482
1705 850875954
1706 852102426
1707 853329899
1708 854558372
1709 855787845
1710 857018318
1711 858249791
1712 859482264
1713 860715737
1714 861950210
1715 863185683
1716 864422157
1717 865659631
1718 866898105
1719 868137580
1720 869378055
1721 870619530
1722 871862005
1723 873105480
1724 874349955
1725 875595430
1726 876841905
1727 878089380
1728 879337855
1729 880587330
1730 881837805
1731 883089280
1732 884341755
1733 885595230
1734 886849705
1735 888105180
1736 889361655
1737 890619130
1738 891877605
1739 893137080
1740 894397555
1741 895659030
1742 896921505
1743 898184980
1744 899449455
1745 900714930
1746 901981405
1747 903248880
1748 904517355
1749 905786830
1750 907057305
1751 908328780
1752 909601255
1753 910874730
1754 912149205
1755 913424680
1756 914701155
1757 915978631
1758 917257107
1759 918536583
1760 919817059
1761 921098535
1762 922381011
1763 923664487
1764 924948963
1765 926234439
1766 927520915
1767 928808392
1768 930096869
1769 931386346
1770 932676823
1771 933968300
1772 935260777
1773 936554254
1774 937848731
1775 939144208
1776 940440685
1777 941738162
1778 943036639
1779 944336116
1780 945636593
1781 946938070
1782 948240547
1783 949544024
1784 950848501
1785 952153978
1786 953460455
1787 954767932
1788 956076409
1789 957385886
1790 958696363
1791 960007840
1792 961320317
1793 962633794
1794 963948271
1795 965263748
1796 966580225
1797 967897702
1798 969216179
1799 970535656
1800 971856133
1801 973177610
1802 974500087
1803 975823564
1804 977148041
1805 978473518
1806 979799995
1807 981127472
1808 982455949
1809 983785426
1810 985115903
1811 986447380
1812 987779857
1813 989113334
1814 990447811
1815 991783288
1816 993119765
1817 994457242
1818 995795719
1819 997135196
1820 998475673
1821 999817150
1822 1001159628
1823 1002503106
1824 1003847584
1825 1005193062
1826 1006539540
1827 1007887018
1828 1009235496
1829 1010584974
1830 1011935452
1831 1013286930
1832 1014639408
1833 1015992886
1834 1017347364
1835 1018702842
1836 1020059321
1837 1021416800
1838 1022775279
1839 1024134758
1840 1025495237
1841 1026856716
1842 1028219195
1843 1029582674
1844 1030947153
1845 1032312632
1846 1033679111
1847 1035046590
1848 1036415069
1849 1037784548
1850 1039155027
1851 1040526506
1852 1041898985
1853 1043272464
1854 1044646943
1855 1046022422
1856 1047398901
1857 1048776380
1858 1050154859
1859 1051534338
1860 1052914817
1861 1054296296
1862 1055678775
1863 1057062254
1864 1058446733
1865 1059832212
1866 1061218691
1867 1062606170
1868 1063994649
1869 1065384128
1870 1066774607
1871 1068166086
1872 1069558565
1873 1070952044
1874 1072346523
1875 1073742002
1876 1075138481
1877 1076535960
1878 1077934439
1879 1079333918
1880 1080734397
1881 1082135876
1882 1083538355
1883 1084941835
1884 1086346315
1885 1087751795
1886 1089158275
1887 1090565755
1888 1091974235
1889 1093383715
1890 1094794195
1891 1096205675
1892 1097618156
1893 1099031637
1894 1100446118
1895 1101861599
1896 1103278080
1897 1104695561
1898 1106114042
1899 1107533523
1900 1108954004
1901 1110375485
1902 1111797966
1903 1113221447
1904 1114645928
1905 1116071409
1906 1117497890
1907 1118925371
1908 1120353852
1909 1121783333
1910 1123213814
1911 1124645295
1912 1126077776
1913 1127511257
1914 1128945739
1915 1130381221
1916 1131817703
1917 1133255185
1918 1134693667
1919 1136133149
1920 1137573631
1921 1139015113
1922 1140457595
1923 1141901077
1924 1143345559
1925 1144791041
1926 1146237523
1927 1147685005
