on -3 43 -22 22 -15 34
on -9 42 -40 12 -30 19
on -5 46 -9 38 -31 21
on -27 25 -30 22 -9 42
on -25 27 -43 3 -22 31
on -39 9 -45 8 -17 29
on -10 36 -2 44 -9 35
on -45 4 -41 5 -3 49
on -24 26 -34 12 -6 44
on -35 17 -36 11 -42 10
off 5 19 6 21 -21 -3
on -45 1 -40 11 -31 20
off 16 30 -16 -4 21 33
on -38 7 -30 15 -46 3
off 36 48 -39 -22 -47 -34
on -23 22 -22 29 -27 24
off -39 -29 -47 -34 -13 -1
on -18 28 -3 44 -8 38
off -38 -24 -48 -39 14 28
on -32 21 -36 9 -38 16
on -40114 -18236 44675 56621 -62989 -35133
on -47063 -26565 34232 54684 -70517 -34320
on -56151 -43929 48563 58124 36908 41850
on -77794 -42408 -69580 -49841 1311 11416
on -55821 -38492 49499 69556 17469 29122
on 63143 77824 -46210 -33353 9878 30392
on 39342 53117 -50110 -40820 -62170 -40938
on -73484 -48152 -65736 -42700 -18262 -13156
on 37366 54383 19405 43152 47195 68515
on -58204 -27378 -43155 -25521 -62841 -54391
on -74420 -47151 37359 62719 -25475 -3046
on -45598 -17555 -26089 -5704 -70074 -64019
on -60861 -28014 -73554 -54991 -31524 -9823
on -24856 -677 -30123 -15884 63853 91090
on -70612 -48898 -58794 -27838 31988 51431
on -39272 -20927 -20393 -13252 -85528 -72953
on -25668 -4103 -18215 -1734 -91736 -74972
on -58040 -34891 -68034 -41896 22484 48325
on -83077 -63382 17005 35646 -28949 3129
on -75533 -63223 -47132 -32953 18181 35552
on -12005 9792 19338 25243 -92843 -67825
on 56387 84965 -35767 -23866 -7517 29845
on 41294 42717 62107 77449 -6076 18165
on 68909 88527 12129 33752 -14973 1514
on 70106 89265 -44616 -27968 -11036 -1697
on 23822 38056 40195 55684 -65662 -33478
on 57501 81938 -18907 -5701 5821 28274
on -25260 -17668 -48592 -46210 -69961 -51155
on -40924 -23866 59810 71028 1641 21630
on 34547 43160 -74622 -56131 -36907 -17782
on -21350 276 14485 29856 -77890 -58230
on -75736 -39641 -2847 32980 -57010 -42061
on -25041 -10364 -77922 -57550 18525 31966
on -11867 7378 17836 49462 -90609 -54269
on -73484 -39680 -39303 -21793 31847 54382
on -16778 -10708 -66044 -52096 -44957 -39847
on -6352 5197 -48264 -42773 -69346 -65566
on -70366 -51952 -45555 -37939 -60527 -28534
on 21301 42400 -20291 4389 66067 89444
on 45669 82341 -56204 -41535 -21028 -14812
on -12687 6121 -75650 -50731 40334 49677
on 62454 72648 -56206 -23070 -36904 -4173
on -14045 15260 74607 78556 3616 39536
on 3027 21243 58402 67345 32845 51345
on 36180 53611 3808 31420 -75144 -41742
on 62333 81915 22152 45857 -19764 3026
on 16840 31474 51862 63491 41052 56975
on 34291 46927 -64612 -48527 -43496 -32299
on -15540 7128 28606 58975 61419 80612
on -41973 -18320 -77313 -61240 15692 47003
on -53801 -30362 39541 57030 -60083 -35312
on 68377 77233 20169 50880 -27441 -20458
on -48517 -32670 27681 29643 43402 61515
on -27916 -4199 26661 49908 52384 82183
on 49989 60432 -53633 -30668 -41268 -22103
on 27313 55472 56100 75902 19430 45734
on -6356 15818 -68706 -57263 36276 50109
on -86603 -47010 -10414 18891 -47053 -29175
on -55452 -23629 -70516 -54860 1793 24906
on 50625 72911 -12487 -2707 -71603 -40651
on 39137 55253 19930 23696 45922 65211
on -9884 16104 -37553 -13090 -80288 -61586
on 15247 32364 58299 77121 12794 38315
on -66919 -64795 27710 52508 -5853 20204
on 55575 68137 -44413 -25743 -53783 -25185
on -28440 950 -58170 -37455 42708 66553
on -62883 -47411 41864 58827 -14578 6700
on -77452 -58620 -27879 -12335 28389 50389
on 16287 41670 -20720 -3731 58921 81851
on -39948 -11682 62858 90995 -33475 -6506
on -56395 -35664 27367 43557 -61199 -44459
on -52933 -35603 -11996 5380 -73054 -57610
on -13683 -926 -79150 -68241 13231 23670
on -2283 11495 -47635 -35881 65101 72052
on 68775 80912 -16331 4168 9807 29318
on -82722 -62858 28101 48460 -20008 -10603
on 2241 10548 76361 96934 -22674 -2056
on 54720 67218 -55890 -27903 -24408 -4708
on -29992 1612 7330 30747 -89965 -57543
on -26063 -23251 -14766 -5848 56200 88720
on 25688 45780 48319 64535 29487 42809
on -10623 723 21921 25266 59433 79964
on 9630 28513 -55849 -40790 59817 71724
on 11397 35361 -80067 -68146 -50677 -32416
on 50224 86037 -20267 -15219 -58574 -37744
on -46674 -23145 25112 36216 62513 76632
on -57137 -35534 26364 30930 47504 77090
on -41608 -18461 -42765 -18900 59370 81028
on -79954 -65176 -48791 -24716 -18848 6604
on -34241 -17350 -56143 -45006 44227 58857
on -5530 18391 42342 80378 44220 64341
on 30538 43170 -48953 -12974 -64060 -46708
on 18461 24438 -27505 -8539 -92027 -61631
on 7320 30402 2065 30085 63426 78441
on -83260 -52652 -51533 -38598 -14357 16445
on -62617 -42138 42994 61052 -44270 -29008
on 41132 55256 17301 44161 47335 72698
on -38586 -28967 15440 46541 54083 79262
on 4995 13584 -83385 -58047 8179 45684
on -9417 16240 -364 29729 63018 79305
on -12093 -408 69909 76313 17279 43292
on 22311 54594 -61374 -47340 38721 58551
on 17514 41718 19397 55401 52361 75918
on -50215 -25999 -31832 -5898 -76682 -69666
on -88531 -51323 20056 51515 -25044 3011
on 31693 42788 58122 73210 10170 25065
on -53730 -34736 -81115 -51623 -18858 -15751
on -8074 19450 56979 82537 21384 34758
on -9034 12679 -88632 -76023 -5255 10049
on -86158 -60722 -29277 -10774 -8108 5698
on 51152 71206 -60178 -30734 -35299 -26419
on -53802 -21439 -81913 -62752 -48874 -14789
on -73416 -53624 -34880 -13729 -53059 -31384
on 56542 90289 -39884 -24348 -33572 -10907
on 6068 14850 -24184 -14322 60362 84796
on -65456 -62775 -39784 -18820 29946 43097
on -20508 -10931 21416 42909 -92770 -64543
on -78252 -45498 -42625 -36372 -37489 -22616
on -57749 -32551 33364 54148 39122 59239
on 42486 64700 53697 67728 6295 16867
on -49857 -32057 8944 15961 66948 80602
on 5331 24738 60035 81743 -9594 14754
on -37717 -27443 -26773 4070 -92232 -59205
on 65813 86768 -40687 -15775 -29939 -15873
on 3652 16387 -11856 10121 74824 93756
on -79835 -45711 -53126 -25959 -44777 -15785
on 29228 52342 -42363 -18344 -83369 -51120
on -77918 -47225 -64364 -34769 -23149 -14421
on 53783 76513 -54253 -24629 -1497 25601
on -4117 22514 -68600 -43788 39330 61783
on 56356 73410 29059 61247 23522 30743
on -53663 -19354 9252 18430 55428 81436
on -77447 -54826 -13321 11273 37758 54142
on -33225 -11181 -88722 -71114 -17425 -1981
on 34224 64644 -2807 21051 -76498 -56029
on -84451 -58720 -8709 7250 28349 41147
on 32736 58563 -56724 -25395 38575 66087
on -70967 -60938 -14558 -1120 31180 57527
on 57978 73770 37063 64257 -6069 -220
on 20034 21990 -73943 -62810 16616 34791
on -86125 -62182 -46075 -37645 -22559 -16252
on 64441 79235 44123 53922 -15543 5734
on 58533 82768 -2754 6990 26452 35254
on 34809 61230 -73095 -41773 16468 37593
on 27000 39601 -35268 -18100 -72724 -54029
on -84967 -77387 -19101 -328 -9397 13132
on -19461 8572 13497 45738 -86131 -73254
on -86433 -60998 -56901 -29700 -18913 -2693
on -18094 5939 -84753 -47530 33605 55713
on -52752 -32887 -76293 -43540 20582 47775
on 38804 57591 28533 48342 23227 52409
on -33372 -19183 60151 91114 -5895 13014
on 8399 15500 -46061 -19393 -88136 -58963
on -70207 -50729 -27195 3250 49944 64484
on -83322 -60694 -4859 1403 -55073 -24265
on 51507 67511 22011 37789 27870 58092
on 2315 14851 70777 97981 -4391 22434
on 63322 90550 13247 36385 -20220 2069
on -7013 25559 40439 56120 -72584 -61716
on -40699 -27549 4164 28551 53800 74409
on -51494 -24862 -80402 -64283 5411 14489
on -72139 -55806 7820 29650 25222 38356
on 12742 29953 56665 75761 -11802 13027
on 44039 72762 26530 56028 -42832 -10426
on -37796 -27142 -30810 -8406 -70974 -66926
on 43717 56286 -26329 -1604 43116 72171
on 19995 45643 -81477 -55528 -50320 -32192
on -49680 -28498 62214 65820 4605 27403
on 59518 86037 25183 54580 -18246 17254
on -47268 -30247 57888 82990 -12900 3592
on -37656 -27114 -74361 -62506 -7732 28378
on 5240 14690 72411 91552 -4756 19683
on -13372 17477 34586 56772 -82117 -63141
on -73452 -63296 -30094 -10448 22254 41160
on 20735 26850 8049 29008 -87764 -67519
on -76309 -65638 1432 22127 24850 31614
on -56517 -42480 -29032 -8499 -76299 -46050
on -36653 -19363 11175 28415 66897 87189
on 62824 67201 13766 38734 35946 42497
on -19952 -10429 74606 80317 -5904 9244
on 63120 89695 -7158 10597 20219 31044
on -19027 -2451 60517 68949 33513 50296
on -26923 178 60741 97131 -20073 -10265
on -34849 -16047 -51895 -35335 -70945 -60177
on -41721 -28645 55366 79906 27747 32753
on -80144 -52339 -59029 -24157 -22364 -4544
on -4504 10906 32503 70662 46415 77796
on 17183 29538 -18225 5416 66301 94405
on 75285 86468 -9980 8717 20674 33762
on 4311 28111 -83354 -62962 25674 42363
on -71564 -37032 -3279 4967 45245 76671
on -72811 -43922 36116 54013 -9748 23400
on -1220 17639 21306 41079 63317 81228
on 37556 60204 -62343 -41856 10087 40031
on 14130 31680 30041 49421 51511 76214
on -63039 -54227 -33537 -19281 34615 54260
on -91314 -63751 -3032 6841 -23321 2232
on -3127 19287 32794 47325 -76096 -49513
on -71132 -47802 4545 20375 48670 70063
on -61151 -40280 30652 36424 -62946 -37982
on 14119 36433 -95152 -75989 6144 26828
on 22834 51857 38327 58265 -65978 -49040
off 66244 89751 -24261 7534 15888 42514
on -89728 -64157 -24044 4131 19969 28747
off -35080 -19430 56612 91727 8626 23420
off -47718 -31733 -43188 -28331 -67776 -45597
on -74294 -57200 -36792 -5040 -54121 -41055
off -24382 -20518 44282 50318 -68960 -42650
off -28521 -11994 -8661 4706 -88439 -56964
on 52049 74171 -44537 -30138 -47237 -27418
on -1707 15178 34753 55182 -74195 -46652
off 31059 42725 43145 70092 -38459 -30046
on 40446 59879 -59586 -36260 -33512 -11076
off -79707 -50997 33225 51747 14860 47325
on -19465 -7616 10119 31262 -87813 -71548
on -83962 -64896 -20394 -7180 -61988 -32043
off 57772 82725 -8053 15222 973 22968
off 12596 37443 48270 79255 -49385 -33356
on -1003 8848 3538 36480 67569 78791
on -82583 -61600 -56407 -35035 -26389 -4025
off -441 23101 -65805 -48288 -52691 -32101
off 60604 90029 -19348 -12737 -42042 -27174
off 17436 39271 72348 90756 -25418 -8051
off 26847 53845 46859 73289 23426 31266
off 16841 27203 23421 55101 49100 83605
off 25714 42561 -8143 13044 64035 91107
on 29558 48710 -57841 -33714 33263 67264
off 11715 35392 39866 51678 60099 69063
on 23402 48483 37984 59658 48734 59709
on 75216 93398 -37876 -11754 -1464 22273
off 38528 43781 5542 42957 52809 77368
on 72051 74887 -3880 3267 26293 34756
off -6816 4852 1566 29804 -80492 -65423
on 49708 81155 32161 56409 -32648 -13317
on 38909 68249 37014 67847 13517 42846
on -54894 -16193 -67206 -56964 -57382 -33779
on -81586 -61862 -24449 -420 -43066 -15910
on 29328 40904 60475 81198 -31636 -14673
off -5756 14438 -80552 -71779 -14292 -6865
on -61722 -56718 23303 45126 -62045 -39044
off 29463 53594 -69311 -47154 -65164 -43563
on -29305 -7147 -56581 -39066 -71283 -49802
off 26856 50097 -61266 -31296 -66719 -39032
on 46464 63140 -64133 -42261 -11759 5149
off -83817 -61709 -37291 -21874 -519 9751
off 55841 74697 40336 59356 11147 34426
on 34828 69659 -20348 -3038 -58724 -55121
off 21197 38486 -72990 -45057 -53372 -35381
off -73182 -49019 28385 50982 -42019 -21521
off -76884 -61701 18507 39972 1310 29815
on 55547 71247 4141 26473 -56178 -52622
on 13772 43566 55179 85749 -13447 14016
on -55863 -32769 38694 59920 -33084 -7650
off -71553 -51565 -7760 1771 44677 67548
on 15461 31815 -68075 -55208 33755 38037
off -757 36383 -21000 466 -82460 -62406
on 31348 41123 -55197 -29777 42323 69200
off -5382 9760 -59558 -41324 -73937 -45324
on -6236 21866 -82614 -52320 33120 35911
off 4099 31840 -71104 -64545 -49523 -23826
off 29700 42212 48414 79717 13133 39395
on 30163 49570 -32012 -6858 -82363 -58792
on -46359 -40371 -69671 -55358 6944 32266
off 35348 60233 -59451 -46944 -50174 -21191
on -59278 -40919 48706 74528 -32748 -24764
on -57659 -37141 -74346 -56091 -17851 -3011
off -68343 -39351 -17836 3402 -70369 -50558
on -17324 10446 27985 43066 -84705 -64368
off -2280 7517 61082 89231 -19465 -2882
on 5543 33886 77122 80758 -10232 26039
off 19644 31561 42033 74969 45658 57072
on 28283 49889 49674 76561 13613 37459
on 45096 53724 18463 39530 38390 74144
off 41400 61615 55595 76548 -25393 -1387
off 16748 34122 29923 56425 -75021 -51740
on -15179 5656 -95572 -69068 11214 25476
off -58988 -47130 30229 46889 -44974 -35744
off -38977 -14492 -36334 -3133 -87758 -60247
off -67544 -49093 58841 65953 -34695 2783
on -44817 -12547 -69513 -42436 39463 67412
off -44782 -35211 63582 79211 -35165 -9576
off -51917 -19062 -70443 -39929 -56733 -29318
off -32721 -9720 -70269 -48267 39356 68334
on -89499 -64841 -7134 14311 10526 42888
off -15686 10883 -68334 -64832 40994 55889
off 15665 28627 66455 83258 -19131 2585
on -36618 -12260 -1197 23827 -84792 -62643
on -63442 -42432 31128 47260 -58742 -50931
off 59788 75917 -43859 -30744 -37530 -27877
on -97459 -75879 -2528 12488 -25702 8626
off 4312 20664 43578 62639 45490 65994
off -42832 -21422 -36295 -10208 64453 78449
on 45985 62219 41630 64002 -35004 -28441
off 30577 58921 60165 62928 2996 24752
on -63410 -43768 18828 35057 -54580 -27363
on -37744 -7907 57733 80242 -9272 25957
off 37094 69910 -11677 3264 57810 73004
off -58324 -35044 -65535 -55260 -14769 16228
on 29859 52630 -10518 7762 -70264 -49235
on 57003 84333 -43825 -36782 -2738 13139
on 71783 92840 -12502 2933 -27092 1613
on 40360 50398 -23637 -8074 -66669 -60640
on 43892 72948 -1818 13786 -66670 -46862
off -77329 -51638 5621 37354 -38107 -25102
on -16374 13066 -43732 -18415 -82490 -64333
off -13344 -10566 -39722 -23766 -88355 -56712
on -1142 4694 56137 86923 -53607 -22509
off -57266 -32196 3936 11070 66725 88936
on 46021 63903 35240 49664 15607 37579
on 57444 70046 3467 37797 41207 53935
on -70116 -53894 34009 53610 5772 25407
on 1370 17649 -45129 -26001 -71085 -60208
on 27244 51676 16417 41941 50284 75127
off -7215 16100 13132 33300 52638 88374
on -67708 -56526 28446 49266 -54764 -36982
off 36565 53117 -69659 -48686 -56660 -30523
on -34438 -14244 -45433 -35154 -66685 -45700
off -91754 -62736 6030 27794 -36516 -23095
on -20638 -13653 -9532 17224 63461 84278
on -59626 -50588 -32678 -6316 46959 59720
off -20225 749 -69753 -43037 -70716 -40645
off -56667 -40496 11366 43347 46773 65399
off -58207 -36567 42530 65883 -24484 -7023
off -34762 -20011 42739 59302 -49523 -35094
on -61220 -42210 -66752 -48262 8014 23734
off -49232 -41437 -63307 -37354 24865 47979
on 26703 52532 -78499 -46465 -25018 -8738
off 21105 43246 38644 70375 42805 60720
on -29375 -9597 -86639 -63948 -642 25463
on 56583 64693 22117 52883 -40318 -24339
on -35643 -27958 47024 56238 36245 52842
off -33039 -14225 64997 87100 -41179 -4967
off 59162 83173 25323 44364 2725 23248
off 52877 68876 -45091 -16834 -42624 -16917
on 38829 70185 8104 18659 45852 67774
off -27424 -2771 -93872 -68133 -3046 23499
off 39387 48068 -14087 2670 -70270 -50908
off -67568 -31653 -63342 -45027 -44056 -28022
off 73339 75776 19469 34170 9060 24104
on 18259 51005 48630 76031 7479 26749
on 14513 37579 -33597 -15184 63582 76318
on -41275 -31697 -24246 -37 57091 73485
off -31890 -16118 -76794 -49970 29480 57799
on 71419 87971 15207 25964 -19283 7832
on -41791 -24849 59031 75550 -18258 9027
on -38199 -24871 42794 71254 -42870 -21798
on -25039 -8806 -76747 -56020 -57258 -29947
off -22405 10912 -55580 -41017 -75320 -53817
on -49793 -22756 -27786 -9284 58862 86007
off 25510 36784 -35757 -20885 -75794 -46116
on -3712 14342 65221 88505 -9736 11415
off -17899 7630 -87586 -63559 -18626 2791
off -14610 11209 24694 36426 -89209 -72203
on -41903 -27211 -37226 -32667 -61406 -49458
on -29172 -15874 -29621 8729 -94236 -66936
off -7596 -2397 -24666 -3179 68145 98782
off -30179 -17490 -26796 7612 -78764 -61938
off -50707 -22641 -62067 -42787 -61450 -36116
on -2926 22736 -56652 -31989 54504 85199
on -12251 16818 -45483 -39539 -85412 -54335
off -30871 -10215 25326 41186 65924 74927
off -27548 -2218 -90837 -53885 24861 40128
off -15719 -8624 -24279 7866 -78569 -62304
on 5300 29443 -60482 -32603 53463 77364
off -36883 -4698 -11779 15251 -85176 -63993
off 77136 95419 -991 22518 -30101 -5527
off -77467 -49063 -3059 21180 -69555 -36161
off 43217 54077 56300 68390 -17902 7166
off -27450 -5699 -85434 -62891 12577 21069
on -34456 -17300 -38896 -25828 -88087 -66157
off -6542 22866 48683 62179 51476 66042
off -85081 -63427 24901 39908 -22256 -2736
on -84263 -51335 -43993 -23210 -50786 -14571
off 70496 91875 -99 13516 -15338 -1176
on -3414 20761 -58271 -50023 -70568 -58707
on -37366 -24760 -40714 -28220 -68669 -57693
on 55366 69711 19336 39334 41575 56327
off 7756 37863 6813 30407 -86788 -58086
on 64340 71944 -58382 -21540 -26270 -7157
off -66006 -47470 -36577 -20368 19166 34254
on -58240 -46662 -3017 27043 55289 74468
off -39417 -32733 -29342 -7099 -79724 -67801
on -79339 -46658 -7270 19942 -50655 -39180
off -60143 -38745 -19956 11524 -84176 -55543
off -3874 10037 -64263 -39967 -74772 -50336
on -11752 2774 -57741 -44508 51849 72929
on -11710 -4855 -72067 -49425 -62392 -47771
off 43931 74857 41059 57790 -36316 -17211
off 3946 34651 -53908 -25012 52699 70802
off -46656 -15008 17844 47261 55932 84912
off 26684 42064 56114 63695 14465 39503
on -40489 -22313 8243 32746 -74516 -48795
off -22851 -6555 -82055 -68517 -28862 -6378
off -74113 -54822 24351 54331 7776 25070
off -45651 -16942 18572 51284 62915 80308
on -70429 -46638 -63316 -43477 -9658 15603
on 10379 47780 72033 88868 -19821 -11434
on -22601 1937 4579 19393 -80796 -60988
on 54161 77065 -58754 -49409 338 31784
on 28966 60740 50370 68031 8613 32275
